0	0	15	-0.3	237700	13569.5	46101
0	0	16	-0.3	234100	29251.5	1559976
0	0	17	-0.3	222100	11889.5	239538
0	0	18	-0.3	222300	6970.5	1989
0	1	10	0.02	245100	16937.4	1407
0	1	11	0.02	247300	22994.5	920186
0	1	12	0.02	246500	20400.6	1030729
0	1	13	0.02	245700	12091.7	268683
0	1	14	0.02	252500	13642.4	2257
1	0	15	-0.3	13170	976.333	29424
1	0	16	-0.3	12270	544.954	87017
1	0	17	-0.3	13030	753.865	623678
1	1	11	0.02	14050	1154.86	267682
1	1	12	0.02	14050	885.923	620867
1	1	13	0.02	13910	530.98	141957
1	1	14	0.02	14230	1124.85	1822
2	0	17	0.02	365700	31447.6	47609
2	0	18	0.02	366700	32515.7	2040526
2	0	19	0.02	365500	28457.5	607427
2	0	20	0.02	363100	27529.2	2969
2	1	13	0.14	381900	40924.8	1525
2	1	14	0.14	368100	28990.6	31345
2	1	15	0.14	367900	24232.8	637375
2	1	16	0.14	368100	28811.5	1839008
2	1	17	0.14	366100	34459.4	2253398
2	1	18	0.14	368700	27396.4	231335
3	0	17	0.02	20610	1792.01	55468
3	0	18	0.02	20470	1969.41	2614158
3	0	19	0.02	20530	1654.56	665091
3	0	20	0.02	20350	1641.17	3353
3	1	13	0.14	21190	2500.25	1187
3	1	14	0.14	20870	1615.93	27048
3	1	15	0.14	20570	1303.14	582935
3	1	16	0.14	20750	1601.08	2024616
3	1	17	0.14	20710	1925.13	2520547
3	1	18	0.14	20730	1602.3	297844
4	0	17	0.02	356700	29657.8	75759
4	0	18	0.02	356900	33473.3	1904652
4	0	19	0.02	359300	29035.8	606316
4	0	20	0.02	358100	29445.4	4178
4	1	13	0.14	367700	32395.4	1537
4	1	14	0.14	360300	28841.3	52380
4	1	15	0.14	362100	26987.9	467042
4	1	16	0.14	356100	30316.5	1689766
4	1	17	0.14	356100	28080.7	1489838
4	1	18	0.14	358500	19901.1	109849
5	0	17	0.02	20110	1585.37	64493
5	0	18	0.02	20130	1775.68	2465664
5	0	19	0.02	20190	1525.31	647096
5	0	20	0.02	19970	1660.05	3978
5	1	13	0.14	20370	1944.77	1752
5	1	14	0.14	20170	1654.89	62242
5	1	15	0.14	20170	1525.09	683324
5	1	16	0.14	19950	1645.37	2108916
5	1	17	0.14	20010	1487.18	1480253
5	1	18	0.14	19970	1115.34	106958
