0	0	14	-0.3	261100	19959.3	2577
0	0	15	-0.3	255300	28996.1	1982261
0	0	16	-0.3	249100	23672.3	1350284
0	0	17	-0.3	237900	11039	5170
0	1	11	0.02	264700	22197.7	5159
0	1	12	0.02	263900	13967.6	23975
0	1	13	0.02	263100	13858	18713
0	1	14	0.02	268300	20227.7	2017
1	0	14	-0.3	14570	1387	2352
1	0	15	-0.3	14110	1162.16	1627402
1	0	16	-0.3	13130	595.901	282532
1	0	17	-0.3	13870	927.749	5255
1	1	11	0.02	14970	1800.33	1158
1	1	12	0.02	15050	1221.27	4063
1	1	13	0.02	14790	1417.95	2214
2	0	16	0.02	391700	34229.3	1820
2	0	17	0.02	391500	30637.9	308099
2	0	18	0.02	391900	22519.4	2445337
2	0	19	0.02	390100	14038.2	71734
2	1	12	0.14	419500	50155.7	1125
2	1	13	0.14	397900	28930.1	6847
2	1	14	0.14	394300	19282.4	186291
2	1	15	0.14	393900	17617.8	874408
2	1	16	0.14	393900	18940.2	1048624
2	1	17	0.14	390300	16882.2	1008339
2	1	18	0.14	393500	18969.6	61231
3	0	16	0.02	22050	2061.95	1941
3	0	17	0.02	22110	1761.13	346260
3	0	18	0.02	21870	1356.27	2966753
3	0	19	0.02	21870	827.083	73586
3	0	20	0.02	21770	2346.44	1002
3	1	13	0.14	22390	1716.82	5368
3	1	14	0.14	22250	995.414	181423
3	1	15	0.14	22010	918.784	851217
3	1	16	0.14	22170	1026.46	1311371
3	1	17	0.14	22110	904.72	1149131
3	1	18	0.14	22130	765.756	104978
4	0	15	0.02	317300	55118	1171
4	1	13	0.14	388100	20718.9	3250
4	1	14	0.14	384100	14977.7	50339
4	1	15	0.14	387700	14261.2	101460
4	1	16	0.14	380500	26097.3	37450
4	1	17	0.14	381900	28906.3	8391
5	0	16	0.02	21530	2448.86	2169
5	0	17	0.02	21490	1524.3	298879
5	0	18	0.02	21550	1357.93	2859901
5	0	19	0.02	21590	1060.52	115994
5	0	20	0.02	21290	2280.05	1253
5	1	12	0.14	22310	2485.49	1002
5	1	13	0.14	21690	1893.38	10221
5	1	14	0.14	21490	1406.79	190447
5	1	15	0.14	21570	1220.77	735292
5	1	16	0.14	21370	1182.1	1465935
5	1	17	0.14	21390	1007.29	491650
5	1	18	0.14	21370	1179.06	37197
