0	0	15	-0.3	220300	11288	7789
0	0	16	-0.3	217500	27472.5	1511327
0	0	17	-0.3	206900	9657.24	197293
0	1	10	0.02	227500	10017.6	1227
0	1	11	0.02	229900	19776	947768
0	1	12	0.02	229100	18453.3	1030441
0	1	13	0.02	227500	10082.3	247773
0	1	14	0.02	231700	10698.4	1292
1	0	15	-0.3	12230	886.257	6028
1	0	16	-0.3	11370	453.657	73608
1	0	17	-0.3	12070	661.308	574038
1	1	11	0.02	13010	962.71	227012
1	1	12	0.02	13030	777.052	576561
1	1	13	0.02	12890	488.013	110265
1	1	14	0.02	13090	952.658	1049
2	0	17	0.02	337500	29736	4149
2	0	18	0.02	339700	36757	1689450
2	0	19	0.02	338500	28664.1	973250
2	0	20	0.02	335300	23526.4	3378
2	1	13	0.14	350900	40731.7	1014
2	1	14	0.14	342100	22961.6	19177
2	1	15	0.14	341500	21659.4	605255
2	1	16	0.14	341100	30609.3	2190523
2	1	17	0.14	339100	34592.4	2781330
2	1	18	0.14	341700	22777	364120
3	0	17	0.02	19130	1807.39	4655
3	0	18	0.02	18950	1771.56	2131181
3	0	19	0.02	19010	1385.22	1094427
3	0	20	0.02	18830	1365.78	3870
3	1	14	0.14	19270	1265.43	16285
3	1	15	0.14	19070	944.692	545252
3	1	16	0.14	19190	1372.48	2324484
3	1	17	0.14	19190	1664.96	3060822
3	1	18	0.14	19250	1215.62	364358
4	0	17	0.02	333300	29472.3	6798
4	0	18	0.02	330300	36868.2	1659460
4	0	19	0.02	332700	31925.4	1042970
4	0	20	0.02	333700	24899.4	5498
4	1	13	0.14	339100	33833.6	1118
4	1	14	0.14	333500	26242.6	41089
4	1	15	0.14	335100	24881.9	584024
4	1	16	0.14	329700	30172.2	1970941
4	1	17	0.14	329900	28951.3	2183497
4	1	18	0.14	332100	18930.6	187113
5	0	17	0.02	18750	1742.19	5862
5	0	18	0.02	18630	1648.37	1976008
5	0	19	0.02	18710	1411.91	1138773
5	0	20	0.02	18410	1400.92	5004
5	1	13	0.14	18910	2064.86	1205
5	1	14	0.14	18610	1529.71	43329
5	1	15	0.14	18690	1273.08	720919
5	1	16	0.14	18490	1407.36	2458420
5	1	17	0.14	18510	1313.68	2356977
5	1	18	0.14	18530	1023.3	191453
