0	0	0	-47223	751.936	6.96211e-05
0	0	1	-47223	751.936	6.96211e-05
0	0	2	-47223	751.936	6.96211e-05
0	0	3	-47223	751.936	6.96211e-05
0	0	4	-47223	751.936	6.96211e-05
0	0	5	-47223	751.936	6.96211e-05
0	0	6	-47223	751.936	6.96211e-05
0	0	7	-47223	751.936	6.96211e-05
0	0	8	-47223	751.936	6.96211e-05
0	0	9	-47223	751.936	6.96211e-05
0	0	10	-47223	751.936	6.96211e-05
0	0	11	-47223	751.936	6.96211e-05
0	0	12	-47223	751.936	6.96211e-05
0	0	13	-47223	751.936	6.96211e-05
0	0	14	-47223	751.936	6.96211e-05
0	0	15	-59153	773.814	0.00151069
0	0	15	-47223	751.936	6.96211e-05
0	0	16	-39641.4	734.952	0.000234069
0	0	16	-47223	751.936	6.96211e-05
0	0	17	-34740.8	718.193	0.000107249
0	0	17	-47223	751.936	6.96211e-05
0	0	18	-23981.1	705.115	2.90501e-22
0	0	18	-47223	751.936	6.96211e-05
0	0	19	-47223	751.936	6.96211e-05
0	0	20	-47223	751.936	6.96211e-05
0	0	21	-47223	751.936	6.96211e-05
0	0	22	-47223	751.936	6.96211e-05
0	0	23	-47223	751.936	6.96211e-05
0	0	24	-47223	751.936	6.96211e-05
0	0	25	-47223	751.936	6.96211e-05
0	0	26	-47223	751.936	6.96211e-05
0	0	27	-47223	751.936	6.96211e-05
0	0	28	-47223	751.936	6.96211e-05
0	0	29	-47223	751.936	6.96211e-05
0	0	30	-47223	751.936	6.96211e-05
0	0	31	-47223	751.936	6.96211e-05
0	1	0	-51285.8	798.356	2.85571e-07
0	1	1	-51285.8	798.356	2.85571e-07
0	1	2	-51285.8	798.356	2.85571e-07
0	1	3	-51285.8	798.356	2.85571e-07
0	1	4	-51285.8	798.356	2.85571e-07
0	1	5	-51285.8	798.356	2.85571e-07
0	1	6	-51285.8	798.356	2.85571e-07
0	1	7	-51285.8	798.356	2.85571e-07
0	1	8	-51285.8	798.356	2.85571e-07
0	1	9	-77059.4	871.896	5.54704e-05
0	1	10	-65668.3	834.992	0.000132425
0	1	10	-51285.8	798.356	2.85571e-07
0	1	11	-49919.5	798.545	4.94676e-05
0	1	11	-51285.8	798.356	2.85571e-07
0	1	12	-50486.2	798.215	8.50354e-05
0	1	12	-51285.8	798.356	2.85571e-07
0	1	13	-57805.4	813.703	0.000837222
0	1	13	-51285.8	798.356	2.85571e-07
0	1	14	-48251.2	799.873	0.0176106
0	1	14	-51285.8	798.356	2.85571e-07
0	1	15	-8706.44	676.863	0.000166203
0	1	16	5639.24	635.93	0.000294238
0	1	17	-51285.8	798.356	2.85571e-07
0	1	18	-51285.8	798.356	2.85571e-07
0	1	19	-51285.8	798.356	2.85571e-07
0	1	20	-51285.8	798.356	2.85571e-07
0	1	21	-51285.8	798.356	2.85571e-07
0	1	22	-51285.8	798.356	2.85571e-07
0	1	23	-51285.8	798.356	2.85571e-07
0	1	24	-51285.8	798.356	2.85571e-07
0	1	25	-51285.8	798.356	2.85571e-07
0	1	26	-51285.8	798.356	2.85571e-07
0	1	27	-51285.8	798.356	2.85571e-07
0	1	28	-51285.8	798.356	2.85571e-07
0	1	29	-51285.8	798.356	2.85571e-07
0	1	30	-51285.8	798.356	2.85571e-07
0	1	31	-51285.8	798.356	2.85571e-07
1	0	0	-1119.6	37.6247	0.000150242
1	0	1	-1119.6	37.6247	0.000150242
1	0	2	-1119.6	37.6247	0.000150242
1	0	3	-1119.6	37.6247	0.000150242
1	0	4	-1119.6	37.6247	0.000150242
1	0	5	-1119.6	37.6247	0.000150242
1	0	6	-1119.6	37.6247	0.000150242
1	0	7	-1119.6	37.6247	0.000150242
1	0	8	-1119.6	37.6247	0.000150242
1	0	9	-1119.6	37.6247	0.000150242
1	0	10	-1119.6	37.6247	0.000150242
1	0	11	-1119.6	37.6247	0.000150242
1	0	12	-1119.6	37.6247	0.000150242
1	0	13	-1119.6	37.6247	0.000150242
1	0	14	-1119.6	37.6247	0.000150242
1	0	15	-2846.34	42.3123	0.000569358
1	0	15	-1119.6	37.6247	0.000150242
1	0	16	-2139.36	39.7392	0.00266949
1	0	16	-1119.6	37.6247	0.000150242
1	0	17	-3368.17	42.0691	0.00153672
1	0	17	-1119.6	37.6247	0.000150242
1	0	18	-3562.66	44.5962	0.000587683
1	0	19	-1119.6	37.6247	0.000150242
1	0	20	-1119.6	37.6247	0.000150242
1	0	21	-1119.6	37.6247	0.000150242
1	0	22	-1119.6	37.6247	0.000150242
1	0	23	-1119.6	37.6247	0.000150242
1	0	24	-1119.6	37.6247	0.000150242
1	0	25	-1119.6	37.6247	0.000150242
1	0	26	-1119.6	37.6247	0.000150242
1	0	27	-1119.6	37.6247	0.000150242
1	0	28	-1119.6	37.6247	0.000150242
1	0	29	-1119.6	37.6247	0.000150242
1	0	30	-1119.6	37.6247	0.000150242
1	0	31	-1119.6	37.6247	0.000150242
1	1	0	-2886.3	45.2549	2.97068e-06
1	1	1	-2886.3	45.2549	2.97068e-06
1	1	2	-2886.3	45.2549	2.97068e-06
1	1	3	-2886.3	45.2549	2.97068e-06
1	1	4	-2886.3	45.2549	2.97068e-06
1	1	5	-2886.3	45.2549	2.97068e-06
1	1	6	-2886.3	45.2549	2.97068e-06
1	1	7	-2886.3	45.2549	2.97068e-06
1	1	8	-2886.3	45.2549	2.97068e-06
1	1	9	-2886.3	45.2549	2.97068e-06
1	1	10	-3394.05	46.7039	3.1679e-06
1	1	11	-2890.4	45.2892	0.000721355
1	1	11	-2886.3	45.2549	2.97068e-06
1	1	12	-2946.29	45.5021	0.00075249
1	1	12	-2886.3	45.2549	2.97068e-06
1	1	13	-3209.56	45.8239	0.00219021
1	1	13	-2886.3	45.2549	2.97068e-06
1	1	14	-2604.66	44.823	0.00503135
1	1	14	-2886.3	45.2549	2.97068e-06
1	1	15	854.051	34.5811	0.000437542
1	1	16	-1170.88	40.3596	0.000106956
1	1	17	-2886.3	45.2549	2.97068e-06
1	1	18	-2886.3	45.2549	2.97068e-06
1	1	19	-2886.3	45.2549	2.97068e-06
1	1	20	-2886.3	45.2549	2.97068e-06
1	1	21	-2886.3	45.2549	2.97068e-06
1	1	22	-2886.3	45.2549	2.97068e-06
1	1	23	-2886.3	45.2549	2.97068e-06
1	1	24	-2886.3	45.2549	2.97068e-06
1	1	25	-2886.3	45.2549	2.97068e-06
1	1	26	-2886.3	45.2549	2.97068e-06
1	1	27	-2886.3	45.2549	2.97068e-06
1	1	28	-2886.3	45.2549	2.97068e-06
1	1	29	-2886.3	45.2549	2.97068e-06
1	1	30	-2886.3	45.2549	2.97068e-06
1	1	31	-2886.3	45.2549	2.97068e-06
2	0	0	-82270.8	1200.62	2.56219e-06
2	0	1	-82270.8	1200.62	2.56219e-06
2	0	2	-82270.8	1200.62	2.56219e-06
2	0	3	-82270.8	1200.62	2.56219e-06
2	0	4	-82270.8	1200.62	2.56219e-06
2	0	5	-82270.8	1200.62	2.56219e-06
2	0	6	-82270.8	1200.62	2.56219e-06
2	0	7	-82270.8	1200.62	2.56219e-06
2	0	8	-82270.8	1200.62	2.56219e-06
2	0	9	-82270.8	1200.62	2.56219e-06
2	0	10	-82270.8	1200.62	2.56219e-06
2	0	11	-82270.8	1200.62	2.56219e-06
2	0	12	-82270.8	1200.62	2.56219e-06
2	0	13	-82270.8	1200.62	2.56219e-06
2	0	14	-82270.8	1200.62	2.56219e-06
2	0	15	-82270.8	1200.62	2.56219e-06
2	0	16	-81390.3	1196.86	4.5017e-16
2	0	16	-82270.8	1200.62	2.56219e-06
2	0	17	-85215	1204.69	0.00119325
2	0	17	-82270.8	1200.62	2.56219e-06
2	0	18	-83514.9	1203.3	0.000228485
2	0	18	-82270.8	1200.62	2.56219e-06
2	0	19	-80800.9	1193.06	0.000602942
2	0	19	-82270.8	1200.62	2.56219e-06
2	0	20	-78454.4	1177.91	0.0015862
2	0	20	-82270.8	1200.62	2.56219e-06
2	0	21	-94599.1	1235.8	6.95253e-06
2	0	22	-82270.8	1200.62	2.56219e-06
2	0	23	-82270.8	1200.62	2.56219e-06
2	0	24	-82270.8	1200.62	2.56219e-06
2	0	25	-82270.8	1200.62	2.56219e-06
2	0	26	-82270.8	1200.62	2.56219e-06
2	0	27	-82270.8	1200.62	2.56219e-06
2	0	28	-82270.8	1200.62	2.56219e-06
2	0	29	-82270.8	1200.62	2.56219e-06
2	0	30	-82270.8	1200.62	2.56219e-06
2	0	31	-82270.8	1200.62	2.56219e-06
2	1	0	-88146	1219.16	1.06408e-06
2	1	1	-88146	1219.16	1.06408e-06
2	1	2	-88146	1219.16	1.06408e-06
2	1	3	-88146	1219.16	1.06408e-06
2	1	4	-88146	1219.16	1.06408e-06
2	1	5	-88146	1219.16	1.06408e-06
2	1	6	-88146	1219.16	1.06408e-06
2	1	7	-88146	1219.16	1.06408e-06
2	1	8	-88146	1219.16	1.06408e-06
2	1	9	-88146	1219.16	1.06408e-06
2	1	10	-80167.4	1196.4	6.2623e-06
2	1	11	-97917	1247.04	1.58502e-06
2	1	12	118563	762.305	8.57069e-16
2	1	12	-88146	1219.16	1.06408e-06
2	1	13	-23415.4	1098.24	0.00901681
2	1	13	-88146	1219.16	1.06408e-06
2	1	14	-80243.6	1215.65	7.60767e-05
2	1	14	-88146	1219.16	1.06408e-06
2	1	15	-85226.3	1220.37	0.000153066
2	1	15	-88146	1219.16	1.06408e-06
2	1	16	-83831.8	1221	0.000158701
2	1	16	-88146	1219.16	1.06408e-06
2	1	17	-79161.4	1196.94	0.000859513
2	1	17	-88146	1219.16	1.06408e-06
2	1	18	-82360.8	1213.95	0.000893955
2	1	18	-88146	1219.16	1.06408e-06
2	1	19	-107788	1275.2	9.81094e-06
2	1	20	-114821	1295.26	2.03926e-05
2	1	21	-88146	1219.16	1.06408e-06
2	1	22	-88146	1219.16	1.06408e-06
2	1	23	-88146	1219.16	1.06408e-06
2	1	24	-88146	1219.16	1.06408e-06
2	1	25	-88146	1219.16	1.06408e-06
2	1	26	-88146	1219.16	1.06408e-06
2	1	27	-88146	1219.16	1.06408e-06
2	1	28	-88146	1219.16	1.06408e-06
2	1	29	-88146	1219.16	1.06408e-06
2	1	30	-88146	1219.16	1.06408e-06
2	1	31	-88146	1219.16	1.06408e-06
3	0	0	-4663.38	67.2959	2.02323e-06
3	0	1	-4663.38	67.2959	2.02323e-06
3	0	2	-4663.38	67.2959	2.02323e-06
3	0	3	-4663.38	67.2959	2.02323e-06
3	0	4	-4663.38	67.2959	2.02323e-06
3	0	5	-4663.38	67.2959	2.02323e-06
3	0	6	-4663.38	67.2959	2.02323e-06
3	0	7	-4663.38	67.2959	2.02323e-06
3	0	8	-4663.38	67.2959	2.02323e-06
3	0	9	-4663.38	67.2959	2.02323e-06
3	0	10	-4663.38	67.2959	2.02323e-06
3	0	11	-4663.38	67.2959	2.02323e-06
3	0	12	-4663.38	67.2959	2.02323e-06
3	0	13	-4663.38	67.2959	2.02323e-06
3	0	14	-4663.38	67.2959	2.02323e-06
3	0	15	-6103.64	71.4054	2.13107e-05
3	0	16	-3842.25	65.5508	1.05496e-19
3	0	16	-4663.38	67.2959	2.02323e-06
3	0	17	-4507.04	67.2691	0.00031335
3	0	17	-4663.38	67.2959	2.02323e-06
3	0	18	-4621.19	67.055	0.00030461
3	0	18	-4663.38	67.2959	2.02323e-06
3	0	19	-4565.72	67.0153	0.0014671
3	0	19	-4663.38	67.2959	2.02323e-06
3	0	20	-4877.66	67.4695	0.000353437
3	0	20	-4663.38	67.2959	2.02323e-06
3	0	21	-5512.51	69.7187	6.96822e-06
3	0	22	-4663.38	67.2959	2.02323e-06
3	0	23	-4663.38	67.2959	2.02323e-06
3	0	24	-4663.38	67.2959	2.02323e-06
3	0	25	-4663.38	67.2959	2.02323e-06
3	0	26	-4663.38	67.2959	2.02323e-06
3	0	27	-4663.38	67.2959	2.02323e-06
3	0	28	-4663.38	67.2959	2.02323e-06
3	0	29	-4663.38	67.2959	2.02323e-06
3	0	30	-4663.38	67.2959	2.02323e-06
3	0	31	-4663.38	67.2959	2.02323e-06
3	1	0	-4856.22	68.4188	2.6059e-06
3	1	1	-4856.22	68.4188	2.6059e-06
3	1	2	-4856.22	68.4188	2.6059e-06
3	1	3	-4856.22	68.4188	2.6059e-06
3	1	4	-4856.22	68.4188	2.6059e-06
3	1	5	-4856.22	68.4188	2.6059e-06
3	1	6	-4856.22	68.4188	2.6059e-06
3	1	7	-4856.22	68.4188	2.6059e-06
3	1	8	-4856.22	68.4188	2.6059e-06
3	1	9	-4856.22	68.4188	2.6059e-06
3	1	10	-4856.22	68.4188	2.6059e-06
3	1	11	-4825.76	68.3319	2.92937e-06
3	1	12	-4994.77	68.8141	1.42752e-06
3	1	13	-1460.67	62.0928	0.00086885
3	1	13	-4856.22	68.4188	2.6059e-06
3	1	14	-4852.64	68.6277	0.00139376
3	1	14	-4856.22	68.4188	2.6059e-06
3	1	15	-4983.21	68.6925	0.00052937
3	1	15	-4856.22	68.4188	2.6059e-06
3	1	16	-4747.57	68.5103	0.000609893
3	1	16	-4856.22	68.4188	2.6059e-06
3	1	17	-4570.2	67.9938	0.0004967
3	1	17	-4856.22	68.4188	2.6059e-06
3	1	18	-4509.42	67.8037	0.0013589
3	1	18	-4856.22	68.4188	2.6059e-06
3	1	19	-5586.31	70.502	1.80295e-06
3	1	20	-6177.85	72.1898	1.09392e-05
3	1	21	-4856.22	68.4188	2.6059e-06
3	1	22	-4856.22	68.4188	2.6059e-06
3	1	23	-4856.22	68.4188	2.6059e-06
3	1	24	-4856.22	68.4188	2.6059e-06
3	1	25	-4856.22	68.4188	2.6059e-06
3	1	26	-4856.22	68.4188	2.6059e-06
3	1	27	-4856.22	68.4188	2.6059e-06
3	1	28	-4856.22	68.4188	2.6059e-06
3	1	29	-4856.22	68.4188	2.6059e-06
3	1	30	-4856.22	68.4188	2.6059e-06
3	1	31	-4856.22	68.4188	2.6059e-06
4	0	0	-39608.8	1014.72	0.009536
4	0	1	-39608.8	1014.72	0.009536
4	0	2	-39608.8	1014.72	0.009536
4	0	3	-39608.8	1014.72	0.009536
4	0	4	-39608.8	1014.72	0.009536
4	0	5	-39608.8	1014.72	0.009536
4	0	6	-39608.8	1014.72	0.009536
4	0	7	-39608.8	1014.72	0.009536
4	0	8	-39608.8	1014.72	0.009536
4	0	9	-39608.8	1014.72	0.009536
4	0	10	-39608.8	1014.72	0.009536
4	0	11	-39608.8	1014.72	0.009536
4	0	12	-39608.8	1014.72	0.009536
4	0	13	-39608.8	1014.72	0.009536
4	0	14	-39608.8	1014.72	0.009536
4	0	15	-733874	2658.86	3.64456e-16
4	0	15	-39608.8	1014.72	0.009536
4	0	16	-48392.9	1039.96	0.00917089
4	0	17	-90380.5	1200.11	0.00117826
4	0	17	-39608.8	1014.72	0.009536
4	0	18	-89796.1	1194.08	0.000116567
4	0	18	-39608.8	1014.72	0.009536
4	0	19	-89537.2	1200.73	0.000110131
4	0	19	-39608.8	1014.72	0.009536
4	0	20	-83893.2	1186.41	0.000292533
4	0	20	-39608.8	1014.72	0.009536
4	0	21	-40484.9	1017.24	0.00949924
4	0	22	-60453.1	1074.61	0.00868227
4	0	23	-39608.8	1014.72	0.009536
4	0	24	-39608.8	1014.72	0.009536
4	0	25	-39608.8	1014.72	0.009536
4	0	26	-39608.8	1014.72	0.009536
4	0	27	-39608.8	1014.72	0.009536
4	0	28	-39608.8	1014.72	0.009536
4	0	29	-39608.8	1014.72	0.009536
4	0	30	-39608.8	1014.72	0.009536
4	0	31	-39608.8	1014.72	0.009536
4	1	0	-96221.4	1215.4	8.2691e-06
4	1	1	-96221.4	1215.4	8.2691e-06
4	1	2	-96221.4	1215.4	8.2691e-06
4	1	3	-96221.4	1215.4	8.2691e-06
4	1	4	-96221.4	1215.4	8.2691e-06
4	1	5	-96221.4	1215.4	8.2691e-06
4	1	6	-96221.4	1215.4	8.2691e-06
4	1	7	-96221.4	1215.4	8.2691e-06
4	1	8	-96221.4	1215.4	8.2691e-06
4	1	9	-96221.4	1215.4	8.2691e-06
4	1	10	-96221.4	1215.4	8.2691e-06
4	1	11	-108078	1249.22	2.6321e-05
4	1	12	-119915	1282.98	5.59762e-05
4	1	13	-63640.8	1171	0.00618084
4	1	13	-96221.4	1215.4	8.2691e-06
4	1	14	-78583.3	1187.63	0.00155049
4	1	14	-96221.4	1215.4	8.2691e-06
4	1	15	-87534	1216.79	0.000260044
4	1	15	-96221.4	1215.4	8.2691e-06
4	1	16	-84101.1	1200.18	0.000691185
4	1	16	-96221.4	1215.4	8.2691e-06
4	1	17	-87215.6	1206.9	3.42025e-05
4	1	17	-96221.4	1215.4	8.2691e-06
4	1	18	-77386.7	1200.68	0.000154067
4	1	18	-96221.4	1215.4	8.2691e-06
4	1	19	-96239.8	1215.46	8.28806e-06
4	1	20	-152892	1377.03	0.000199871
4	1	21	-96221.4	1215.4	8.2691e-06
4	1	22	-96221.4	1215.4	8.2691e-06
4	1	23	-96221.4	1215.4	8.2691e-06
4	1	24	-96221.4	1215.4	8.2691e-06
4	1	25	-96221.4	1215.4	8.2691e-06
4	1	26	-96221.4	1215.4	8.2691e-06
4	1	27	-96221.4	1215.4	8.2691e-06
4	1	28	-96221.4	1215.4	8.2691e-06
4	1	29	-96221.4	1215.4	8.2691e-06
4	1	30	-96221.4	1215.4	8.2691e-06
4	1	31	-96221.4	1215.4	8.2691e-06
5	0	0	-5136.46	67.6888	1.77673e-06
5	0	1	-5136.46	67.6888	1.77673e-06
5	0	2	-5136.46	67.6888	1.77673e-06
5	0	3	-5136.46	67.6888	1.77673e-06
5	0	4	-5136.46	67.6888	1.77673e-06
5	0	5	-5136.46	67.6888	1.77673e-06
5	0	6	-5136.46	67.6888	1.77673e-06
5	0	7	-5136.46	67.6888	1.77673e-06
5	0	8	-5136.46	67.6888	1.77673e-06
5	0	9	-5136.46	67.6888	1.77673e-06
5	0	10	-5136.46	67.6888	1.77673e-06
5	0	11	-5136.46	67.6888	1.77673e-06
5	0	12	-5136.46	67.6888	1.77673e-06
5	0	13	-5136.46	67.6888	1.77673e-06
5	0	14	-5136.46	67.6888	1.77673e-06
5	0	15	-6124.37	70.5072	5.09159e-06
5	0	16	-6132.14	69.97	5.22712e-21
5	0	16	-5136.46	67.6888	1.77673e-06
5	0	17	-4750.1	66.5808	0.00149414
5	0	17	-5136.46	67.6888	1.77673e-06
5	0	18	-5348.68	68.1367	0.000255282
5	0	18	-5136.46	67.6888	1.77673e-06
5	0	19	-5135.51	67.7336	0.000663696
5	0	19	-5136.46	67.6888	1.77673e-06
5	0	20	-5415.03	67.8092	0.00117661
5	0	20	-5136.46	67.6888	1.77673e-06
5	0	21	-3924.58	64.2314	3.28065e-05
5	0	22	-5701.33	69.3003	5.26225e-07
5	0	23	-5136.46	67.6888	1.77673e-06
5	0	24	-5136.46	67.6888	1.77673e-06
5	0	25	-5136.46	67.6888	1.77673e-06
5	0	26	-5136.46	67.6888	1.77673e-06
5	0	27	-5136.46	67.6888	1.77673e-06
5	0	28	-5136.46	67.6888	1.77673e-06
5	0	29	-5136.46	67.6888	1.77673e-06
5	0	30	-5136.46	67.6888	1.77673e-06
5	0	31	-5136.46	67.6888	1.77673e-06
5	1	0	-5318.81	67.8325	9.20737e-07
5	1	1	-5318.81	67.8325	9.20737e-07
5	1	2	-5318.81	67.8325	9.20737e-07
5	1	3	-5318.81	67.8325	9.20737e-07
5	1	4	-5318.81	67.8325	9.20737e-07
5	1	5	-5318.81	67.8325	9.20737e-07
5	1	6	-5318.81	67.8325	9.20737e-07
5	1	7	-5318.81	67.8325	9.20737e-07
5	1	8	-5318.81	67.8325	9.20737e-07
5	1	9	-5318.81	67.8325	9.20737e-07
5	1	10	-5318.81	67.8325	9.20737e-07
5	1	11	-5560.78	68.5227	3.0223e-08
5	1	12	212.191	55.976	8.5605e-20
5	1	12	-5318.81	67.8325	9.20737e-07
5	1	13	-3930.21	65.6847	0.000539435
5	1	13	-5318.81	67.8325	9.20737e-07
5	1	14	-4803.18	67.064	0.00145844
5	1	14	-5318.81	67.8325	9.20737e-07
5	1	15	-4925.74	67.8265	0.000656639
5	1	15	-5318.81	67.8325	9.20737e-07
5	1	16	-5196.77	67.7172	0.000407442
5	1	16	-5318.81	67.8325	9.20737e-07
5	1	17	-4729.34	67.2187	0.000707838
5	1	17	-5318.81	67.8325	9.20737e-07
5	1	18	-4424.73	67.06	0.000716228
5	1	18	-5318.81	67.8325	9.20737e-07
5	1	19	-5052.93	67.074	3.6954e-06
5	1	20	-8523.23	76.9738	0.000115407
5	1	21	-5318.81	67.8325	9.20737e-07
5	1	22	-5318.81	67.8325	9.20737e-07
5	1	23	-5318.81	67.8325	9.20737e-07
5	1	24	-5318.81	67.8325	9.20737e-07
5	1	25	-5318.81	67.8325	9.20737e-07
5	1	26	-5318.81	67.8325	9.20737e-07
5	1	27	-5318.81	67.8325	9.20737e-07
5	1	28	-5318.81	67.8325	9.20737e-07
5	1	29	-5318.81	67.8325	9.20737e-07
5	1	30	-5318.81	67.8325	9.20737e-07
5	1	31	-5318.81	67.8325	9.20737e-07
