2	0	16	0.14	43000	367
2	0	17	0.14	3000	1819
2	0	18	0.14	3000	17225
2	0	19	0.14	3000	8393
2	0	20	0.14	43000	821
2	0	21	0.14	43000	355
2	1	12	0.02	42999.5	391
2	1	13	0.02	43000	887
2	1	14	0.02	43000	2194
2	1	15	0.02	3000.64	4587
2	1	16	0.02	3000	7104
2	1	17	0.02	3000.1	5016
2	1	18	0.02	3000.02	2393
2	1	19	0.02	43000	384
3	0	15	0.14	15000	218
3	0	16	0.14	15000	327
3	0	17	0.14	15000	1399
3	0	18	0.14	15000	7715
3	0	19	0.14	15000	7099
3	0	20	0.14	15000	652
3	0	21	0.14	15000	307
3	1	12	0.02	15000	288
3	1	13	0.02	15000	639
3	1	14	0.02	11001	1015
3	1	15	0.02	15000	1342
3	1	16	0.02	15000	1649
3	1	17	0.02	15000	1345
3	1	18	0.02	15000	515
3	1	19	0.02	15000	288
4	0	15	0.14	0.000184094	297
4	0	16	0.14	40000	411
4	0	17	0.14	0.00120901	2351
4	0	18	0.14	0.00254613	17361
4	0	19	0.14	1.79154e-05	13776
4	0	20	0.14	600.032	1386
4	0	21	0.14	40000	460
4	0	22	0.14	40000	229
4	1	11	0.02	39999.8	228
4	1	12	0.02	39999.5	519
4	1	13	0.02	0.0383912	1216
4	1	14	0.02	2.22045e-12	4948
4	1	15	0.02	3.85869e-08	10371
4	1	16	0.02	1.33227e-11	7586
4	1	17	0.02	5.55112e-11	7240
4	1	18	0.02	2.76085e-06	2656
4	1	19	0.02	39999.8	416
4	1	20	0.02	39999.7	204
5	0	16	0.14	21000	312
5	0	17	0.14	17000	2760
5	0	18	0.14	21000	20771
5	0	19	0.14	21000	11817
5	0	20	0.14	21000	1060
5	0	21	0.14	21000	334
5	1	12	0.02	21000	417
5	1	13	0.02	21000	744
5	1	14	0.02	21000	1725
5	1	15	0.02	17000	2302
5	1	16	0.02	17000	2367
5	1	17	0.02	21000	4056
5	1	18	0.02	17000	1052
5	1	19	0.02	24550	298
