0	0	10	8.6294e-05	0.8	1
0	0	11	0.00407969	0.8	1
0	0	12	0.00505273	0.980668	1
0	1	15	-0.00220881	0.955881	1
0	1	16	-0.00437134	0.896722	0
0	1	17	0.00926389	0.958428	1
1	0	10	-0.00362495	0.998816	1
1	0	11	0.00031001	1.00417	1
1	0	12	0.0066597	1.00274	1
1	1	15	-0.00487116	0.983591	1
1	1	16	0.0129793	0.929195	0
1	1	17	0.0225592	0.997826	1
2	0	14	-0.000947054	0.973502	1
2	0	15	-0.00133057	0.972429	1
2	0	16	0.00584535	0.964652	1
2	0	17	7.52605e-05	0.96744	1
2	1	17	0.000337194	0.945761	0
2	0	18	0.00827689	0.964072	1
2	1	18	0.00904276	0.956718	0
2	1	19	-0.00219663	0.947381	0
3	0	14	0.00226842	0.993708	1
3	0	15	-0.00598635	0.995451	1
3	0	16	0.00695846	0.989597	1
3	0	17	0.002705	0.990777	1
3	1	17	0.00101775	0.974498	0
3	0	18	0.00845764	0.98999	1
3	1	18	0.00122636	0.977551	0
3	1	19	0.000235992	0.98003	0
4	0	15	-0.0208725	0.983154	1
4	0	16	0.00128391	0.97789	1
4	0	17	0.000186901	0.974036	1
4	1	17	0.00495172	0.948596	0
4	0	18	-0.0016336	0.979	1
4	1	18	-0.000789229	0.999553	0
4	1	19	0.00408808	0.950286	0
5	0	14	-0.0133806	1.00116	1
5	0	15	-0.00884568	0.998777	1
5	0	16	0.00239524	0.995993	1
5	0	17	-0.00327502	0.99965	1
5	1	17	0.00837871	0.978128	0
5	0	18	-0.00483055	0.997172	1
5	1	18	0.0035993	0.979585	0
5	1	19	0.00388353	0.980484	0
