0	0	15	12	1.07647	-31.4797
0	0	15	13	1.10637	-42.6986
0	0	16	11	1.12186	-37.6997
0	0	16	12	1.06894	-26.6907
0	0	16	13	1.07729	-31.0016
0	0	16	14	1.04874	-17.7479
0	0	17	11	1.09108	-28.5086
0	0	17	12	1.09117	-32.6662
0	0	17	13	1.09003	-34.0996
0	0	17	14	1.0448	-15.8486
0	0	18	11	1.78686	-171.186
0	0	18	12	1.06378	-25.9505
0	0	18	13	1.09315	-35.3707
0	1	11	16	1.1304	-42.4976
0	1	11	17	1.08916	-33.7946
0	1	11	18	1.12653	-46.7548
0	1	12	15	1.11881	-42.5484
0	1	12	16	1.08744	-30.0644
0	1	12	17	1.08951	-34.1667
0	1	12	18	1.09415	-42.1696
0	1	13	15	1.06777	-27.0703
0	1	13	16	1.08374	-31.0733
0	1	13	17	1.09123	-35.6891
0	1	13	18	1.09494	-39.0123
0	1	14	16	1.03085	-9.90628
0	1	14	17	1.05152	-17.8305
1	0	16	11	1.13073	-37.263
1	0	16	12	1.0213	-7.63708
1	0	16	13	1.05948	-23.4183
1	0	16	14	1.03434	-10.3157
1	0	17	11	1.05776	-15.0007
1	0	17	12	1.07079	-24.7619
1	0	17	13	1.08058	-29.3967
1	0	17	14	1.04496	-12.6073
1	0	18	12	1.247	-66.7131
1	0	18	13	1.6818	-156.868
1	1	11	16	1.12122	-41.977
1	1	11	17	1.02228	-15.146
1	1	12	16	1.01086	-6.43788
1	1	12	17	1.05395	-25.9291
1	1	12	18	1.14617	-62.2607
1	1	13	16	1.04724	-24.5323
1	1	13	17	1.06005	-31.0154
1	1	13	18	1.26776	-96.0664
1	1	14	16	1.02775	-12.5766
1	1	14	17	1.03277	-14.3325
2	0	17	14	0.905641	30.0853
2	0	17	15	0.943853	13.9919
2	0	17	16	0.94509	12.7156
2	0	17	17	0.955824	7.69738
2	0	17	18	0.952454	8.02107
2	0	18	14	0.977555	7.01619
2	0	18	15	0.98633	3.08658
2	0	18	16	0.980891	4.09338
2	0	18	17	0.974523	5.92956
2	0	18	18	0.965506	8.07977
2	0	19	13	0.846746	57.786
2	0	19	14	0.967553	4.86831
2	0	19	15	0.967932	3.78619
2	0	19	16	0.955251	6.41032
2	0	19	17	0.945321	9.01142
2	0	19	18	0.959994	2.65575
2	0	20	14	0.954832	7.8634
2	0	20	15	0.970453	3.06974
2	0	20	16	0.970461	0.897385
2	0	20	17	0.968542	1.60574
2	0	20	18	0.916759	24.0728
2	1	13	19	0.955217	16.1936
2	1	14	17	0.94899	17.9065
2	1	14	18	0.978437	6.80421
2	1	14	19	0.988674	3.13646
2	1	14	20	0.97114	8.62936
2	1	15	17	0.961771	13.5014
2	1	15	18	0.998411	0.926323
2	1	15	19	0.991703	2.42893
2	1	15	20	0.979773	5.55919
2	1	16	17	0.950281	15.2447
2	1	16	18	0.995386	0.124748
2	1	16	19	0.98051	4.01551
2	1	16	20	0.958164	10.0649
2	1	17	17	0.970327	8.02303
2	1	17	18	0.988285	2.67319
2	1	17	19	0.976114	5.18658
2	1	17	20	0.973091	4.49273
2	1	18	17	0.980838	4.57586
2	1	18	18	0.984475	4.35709
2	1	18	19	0.991444	0.77095
2	1	18	20	1.03978	-17.318
3	0	17	14	0.900459	34.1539
3	0	17	15	0.918792	25.1807
3	0	17	16	0.932644	19.5617
3	0	17	17	0.934044	18.594
3	0	17	18	0.924783	21.3815
3	0	18	14	0.928611	21.5908
3	0	18	15	0.954675	11.3238
3	0	18	16	0.953233	11.4025
3	0	18	17	0.940556	15.8357
3	0	18	18	0.937451	15.7986
3	0	19	13	0.907797	31.9196
3	0	19	14	0.942883	15.3323
3	0	19	15	0.947159	12.8821
3	0	19	16	0.933902	16.2591
3	0	19	17	0.927738	18.0757
3	0	19	18	0.9494	9.44884
3	0	20	14	0.923571	21.0876
3	0	20	15	0.940456	13.4194
3	0	20	16	0.922486	17.291
3	0	20	17	0.929536	13.8427
3	0	20	18	1.00689	-12.3649
3	1	13	19	0.908832	32.6011
3	1	14	17	0.906471	33.4959
3	1	14	18	0.936711	21.498
3	1	14	19	0.95201	15.3009
3	1	14	20	0.929428	23.8539
3	1	15	17	0.920423	25.7177
3	1	15	18	0.963016	10.9472
3	1	15	19	0.953289	13.3893
3	1	15	20	0.944368	16.0138
3	1	16	17	0.929958	20.985
3	1	16	18	0.96002	11.5272
3	1	16	19	0.939194	17.3383
3	1	16	20	0.928333	19.6197
3	1	17	17	0.938881	19.8714
3	1	17	18	0.956006	14.8986
3	1	17	19	0.941809	17.8062
3	1	17	20	0.942831	15.1882
3	1	18	17	0.928828	24.0315
3	1	18	18	0.954107	15.7354
3	1	18	19	0.965167	10.1657
3	1	18	20	1.02845	-12.1415
4	0	17	14	0.946142	14.9916
4	0	17	15	0.974444	6.22018
4	0	17	16	0.946152	15.0493
4	0	17	17	0.967281	6.72234
4	0	17	18	1.02254	-12.0175
4	0	18	13	0.923328	25.3886
4	0	18	14	0.959981	9.9323
4	0	18	15	0.970068	5.76466
4	0	18	16	0.970854	4.69921
4	0	18	17	0.967341	5.33124
4	0	18	18	0.961868	6.59851
4	0	19	13	0.928563	23.4379
4	0	19	14	0.978533	5.69468
4	0	19	15	0.960693	10.5751
4	0	19	16	0.965131	8.3187
4	0	19	17	0.969037	6.37514
4	0	19	18	0.961393	8.05269
4	0	20	14	0.962701	10.296
4	0	20	15	0.968236	7.82809
4	0	20	16	0.947083	13.0091
4	0	20	17	0.951532	11.246
4	1	13	18	0.941639	22.6458
4	1	13	19	0.942082	22.7582
4	1	14	17	0.959069	13.2445
4	1	14	18	0.965994	10.2774
4	1	14	19	0.972293	7.44933
4	1	14	20	0.965432	11.045
4	1	15	17	0.969241	10.7833
4	1	15	18	0.983438	5.62393
4	1	15	19	0.976164	7.02856
4	1	15	20	0.971539	7.80112
4	1	16	17	0.965457	9.3702
4	1	16	18	0.979724	4.19659
4	1	16	19	0.968219	6.92326
4	1	16	20	0.960437	8.31852
4	1	17	17	0.970242	8.34468
4	1	17	18	0.979825	4.19609
4	1	17	19	0.969783	6.26952
4	1	17	20	0.955394	10.8599
4	1	18	17	1.001	0.209229
4	1	18	18	0.980816	6.28369
4	1	18	19	0.982897	4.09172
5	0	17	14	0.9664	11.8326
5	0	17	15	0.989603	2.60835
5	0	17	16	1.00507	-2.58463
5	0	17	17	1.00745	-3.32693
5	0	17	18	1.0178	-6.60464
5	0	18	13	0.956271	15.4947
5	0	18	14	0.986938	3.66727
5	0	18	15	1.00635	-3.51334
5	0	18	16	1.01085	-5.42032
5	0	18	17	1.00897	-5.11552
5	0	18	18	1.00384	-4.00391
5	0	19	13	0.965959	15.6924
5	0	19	14	1.00058	1.78658
5	0	19	15	1.01001	-2.24993
5	0	19	16	1.00699	-2.17543
5	0	19	17	1.0097	-3.47621
5	0	19	18	1.01464	-5.69487
5	0	20	14	0.996635	1.71556
5	0	20	15	1.0003	-1.35603
5	0	20	16	0.993058	-0.833588
5	0	20	17	1.00809	-5.83886
5	0	20	18	1.07824	-27.7914
5	1	13	18	0.966215	15.7268
5	1	13	19	0.969737	14.8844
5	1	14	17	0.967313	11.5588
5	1	14	18	0.987519	3.75613
5	1	14	19	0.995643	0.555153
5	1	14	20	0.996638	1.11041
5	1	15	17	0.995668	3.29254
5	1	15	18	1.01579	-3.48111
5	1	15	19	1.01098	-2.76179
5	1	15	20	1.00564	-1.26196
5	1	16	17	1.00167	-2.08937
5	1	16	18	1.01237	-5.85796
5	1	16	19	0.998566	-2.54863
5	1	16	20	0.989183	-0.723831
5	1	17	17	1.00156	-2.01863
5	1	17	18	1.00914	-5.40315
5	1	17	19	0.998418	-3.29115
5	1	17	20	1.0008	-5.40955
5	1	18	17	1.0164	-5.79874
5	1	18	18	1.01004	-5.0345
5	1	18	19	1.0077	-5.52677
5	1	18	20	1.0782	-28.4791
