0	0	15	288922	-32650.9	-22755.3	277788
0	0	16	291368	19220.4	52277	1982338
0	0	17	287851	63043.9	88842.5	152479
0	0	18	292877	91328.6	118059	8896
0	1	10	310206	-27716.3	252552	761427
0	1	11	309839	-39711.8	22091.7	1838122
0	1	12	308587	-46492.9	173138	1519132
0	1	13	307207	-27228.7	161413	649158
1	0	15	16164.1	-30.5792	2336.62	203079
1	0	16	15645.4	2266.22	2658.33	1738624
1	0	17	15779.6	2217.42	14762.6	218279
1	0	18	16135.2	7814.76	10784.5	7869
1	1	10	17495.7	-682.638	16652.5	957751
2	0	16	454059	28833.6	68870.7	17100
2	0	17	454085	16964.1	88075.6	290079
2	0	18	455936	28684.2	46629	1053161
2	0	19	455012	7020.51	34887.5	333103
2	0	20	449557	25313.4	104351	66234
2	1	13	471229	-106527	252109	22628
2	1	14	465799	-43904.1	49644	163298
2	1	15	462581	-24091.6	50765.1	456194
2	1	16	464717	-34804.6	38942.2	914961
2	1	17	458996	-22923.3	31515.4	1046618
2	1	18	463691	-14923.7	-32846.1	590048
2	1	19	464312	-3501.84	-63549.5	65340
3	0	16	25571	602.702	6243.91	18417
3	0	17	25634.8	777.384	4248.88	321232
3	0	18	25472.8	1218.57	1018.94	1274765
3	0	19	25537.3	571.535	821.431	368925
3	0	20	25413.8	523.687	5284.34	78124
3	1	13	26380.7	-7768.78	24720.6	20237
3	1	14	25911.4	456.385	-1908.67	162796
3	1	15	25841.8	-737.896	177.745	448574
3	1	16	26004.6	-1043.22	1284.95	913664
3	1	17	25966	-1275.27	1774.41	1095789
3	1	18	25920.8	-1324.11	4424.32	586918
4	0	15	456852	70444.8	297042	6461
4	0	16	444561	31759.1	357662	12950
4	0	17	446571	34355.1	99019.1	268651
4	0	18	445543	37205.4	27214.8	652301
4	0	19	448596	22833.5	81467.9	226916
4	0	20	448099	545.159	236831	50884
4	1	13	462425	-99213.8	260972	28818
4	1	14	456905	-54482	105319	165168
4	1	15	460618	-34705.8	-5328.4	439175
4	1	16	456376	-72658.5	97264.1	781025
4	1	17	455778	-60513.6	68502.7	904147
4	1	18	463822	-120517	229103	411730
5	0	16	25092.3	1834.76	7967.52	25689
5	0	17	25133.8	1434.42	4220.11	356606
5	0	18	25207.8	1304.09	-55.2983	1158796
5	0	19	25269.7	1075.01	470.845	360473
5	0	20	24994	520.299	4737.67	81286
5	1	13	25613.2	-3239.86	10357.4	32963
5	1	14	25327.1	-1395.15	3076.07	196859
5	1	15	25599.8	-2023.78	2307.08	501041
5	1	16	25262	-747.067	-1514.5	888600
5	1	17	25551.8	-3542.37	5501.97	1046174
5	1	18	25832.4	-6092.73	11221	452947
