0	0	16		-50439.6	766.79
0	0	17		-43054.1	735.486
0	0	18		-49146.8	720.762
0	1	19		-48093.4	721.973
0	0	11		-69833.9	813.616
0	0	12		-50520.6	797.009
0	0	13		-51719.1	797.009
0	0	14		-57953.3	809.676
0	0	15		-40906.6	776.941
1	0	15		-10595.3	60.097
1	0	16		-2671.4	42.1582
1	0	17		-2497.78	39.2105
1	0	18		-2843.93	42.0454
1	0	11		-5361.7	48.8926
1	0	12		-2836.19	45.085
1	0	13		-2949.25	45.4042
1	0	14		-3278.61	45.7768
1	0	15		-2552.2	44.7383
2	0	17		-154081	1354.86
2	0	18		-89950.6	1207.23
2	0	19		-88042.4	1204.17
2	0	20		-85829.6	1193.03
2	0	21		-83444.9	1176.84
2	0	22		-173069	1377.5
2	0	13		-158234	1385.04
2	0	14		-35297.8	1100.43
2	0	15		-88929.3	1218.62
2	0	16		-91870.6	1223.77
2	0	17		-91853.6	1221.79
2	0	18		-86477.1	1199.33
2	0	19		-91717.6	1219.12
2	0	20		-94019.8	1225.03
3	0	16		-17062.3	96.1747
3	0	17		-11564.4	83.1381
3	0	18		-4773.08	67.3959
3	0	19		-4841.61	67.0042
3	0	20		-4818.1	66.9739
3	0	21		-5189.63	67.4474
3	0	22		-14650.2	90.1623
3	1	23		-16136.3	93.8583
3	1	13		-19516.9	102.727
3	0	14		-2308.26	62.4799
3	0	15		-4893.18	68.4773
3	0	16		-5377.84	69.0359
3	0	17		-5028.33	68.4056
3	0	18		-4971.51	68.0871
3	0	19		-5095.73	68.4283
3	0	20		-4703.56	67.8197
3	0	21		-14398.2	89.5406
4	0	16		-279524	1615.8
4	1	17		-137906	1306.14
4	1	18		-90114.1	1201.36
4	1	19		-89306.6	1194.7
4	1	20		-89292.7	1201.31
4	1	21		-84050.5	1186.89
4	1	22		-169204	1374.55
4	1	23		-306587	1698.78
4	0	13		-258296	1619.73
4	0	14		-73485.7	1170.77
4	0	15		-87430	1191.09
4	0	16		-95643.6	1217.36
4	0	17		-96306.3	1201.3
4	0	18		-98596.7	1206.96
4	0	19		-94309.7	1199.03
4	1	20		-93088	1205.9
5	1	16		-21079.3	104.975
5	0	17		-5904.09	68.9517
5	0	18		-4963.71	66.6266
5	0	19		-5599.24	68.1595
5	0	20		-5427.25	67.7786
5	0	21		-5707.08	67.7054
5	0	22		-12513.5	82.5628
5	0	23		-20416.2	100.086
5	0	13		-3952.55	65.3557
5	0	14		-4260.1	65.6349
5	0	15		-5062.9	67.0557
5	0	16		-5392.16	67.9952
5	0	17		-5579.21	67.8511
5	0	18		-5364.46	67.273
5	0	19		-5400.39	67.2536
5	0	20		-5771.55	67.9533
5	0	21		-23772.3	109.834
