0	0	15	-0.3	295300	26367.6	84558
0	0	16	-0.3	289500	37315	1436108
0	0	17	-0.3	277100	39678.6	114470
0	0	18	-0.3	275900	38122.4	8424
0	1	9	0.02	313300	34771.7	1125
0	1	10	0.02	309100	33203.6	36251
0	1	11	0.02	307700	33520.1	260135
0	1	12	0.02	306900	25463	352169
0	1	13	0.02	306700	20854.1	174591
0	1	14	0.02	308700	24941.6	18401
0	1	15	0.02	297100	18996.4	3215
0	1	16	0.02	293700	15324.3	1124
1	0	15	-0.3	16350	1354.27	56334
1	0	16	-0.3	15210	1108.89	371812
1	0	17	-0.3	16190	1277.67	218279
1	0	18	-0.3	14850	1755.3	1297
1	1	10	0.02	17550	2542.67	29491
1	1	11	0.02	17430	1940.51	104365
1	1	12	0.02	17470	1063.77	156618
1	1	13	0.02	17370	930.668	76609
1	1	14	0.02	17490	1326.16	10244
1	1	15	0.02	16550	1145.88	3283
1	1	16	0.02	17030	1286.62	1004
2	0	16	0.02	456700	24258.9	12535
2	0	17	0.02	455900	20911.3	268757
2	0	18	0.02	457500	35780	1052740
2	0	19	0.02	455300	25540.4	332980
2	0	20	0.02	450900	19463.5	66195
2	0	21	0.02	459500	28804.3	4655
2	1	10	0.14	457500	62315.9	1007
2	1	11	0.14	461700	51681.5	2301
2	1	12	0.14	460900	47629.3	4947
2	1	13	0.14	460700	43676	19260
2	1	14	0.14	460900	41440.5	139772
2	1	15	0.14	460900	39725.6	421383
2	1	16	0.14	460500	37517.8	820805
2	1	17	0.14	456500	38732.5	788922
2	1	18	0.14	460900	39827.1	246875
2	1	19	0.14	462300	40925.6	30958
2	1	20	0.14	465700	47221.8	2772
3	0	15	0.02	25890	2857.3	1240
3	0	16	0.02	25610	1380.65	13536
3	0	17	0.02	25710	1208.02	303394
3	0	18	0.02	25510	2033.83	1274765
3	0	19	0.02	25570	1430.55	362620
3	0	20	0.02	25430	1079.9	78124
3	0	21	0.02	25750	1641.7	5448
3	1	11	0.14	25870	2768.38	1546
3	1	12	0.14	25910	2369.05	3626
3	1	13	0.14	25850	2257.5	16881
3	1	14	0.14	25990	2248.01	141629
3	1	15	0.14	25810	2141.64	410636
3	1	16	0.14	25890	2071.49	913664
3	1	17	0.14	25850	2137.11	853039
3	1	18	0.14	25930	2204.97	334400
3	1	19	0.14	26050	2184.76	30062
3	1	20	0.14	26190	2506.33	2079
4	0	15	0.02	461700	70183.3	3167
4	0	16	0.02	451100	44212	10240
4	0	17	0.02	449700	34429.1	180954
4	0	18	0.02	447100	33084.1	651536
4	0	19	0.02	450100	27636	226269
4	0	20	0.02	449100	22477.7	50791
4	0	21	0.02	448500	30305.1	7844
4	0	22	0.02	453100	52251.6	1223
4	1	11	0.14	451500	43480.8	1498
4	1	12	0.14	454300	37216.1	3613
4	1	13	0.14	454500	30303.6	22321
4	1	14	0.14	450100	33271	100482
4	1	15	0.14	454100	33348.1	256167
4	1	16	0.14	447100	33461	780689
4	1	17	0.14	447700	29515.4	558934
4	1	18	0.14	449300	27152.1	166513
4	1	19	0.14	448700	31528.7	17365
4	1	20	0.14	462100	54944.6	1641
5	0	15	0.02	25510	3441.28	1557
5	0	16	0.02	25330	2578.72	18675
5	0	17	0.02	25230	1813.37	330086
5	0	18	0.02	25290	1871.93	1158796
5	0	19	0.02	25330	1554.88	356188
5	0	20	0.02	25050	1325.66	81286
5	0	21	0.02	24990	1483.21	8737
5	0	22	0.02	25410	3047.77	1103
5	1	11	0.14	25210	2343.19	1815
5	1	12	0.14	25350	2109.33	4262
5	1	13	0.14	25330	1659.9	27527
5	1	14	0.14	25190	1813.51	135034
5	1	15	0.14	25330	1876.87	380292
5	1	16	0.14	25110	1878.25	856779
5	1	17	0.14	25090	1662.51	507850
5	1	18	0.14	25090	1589.29	154301
5	1	19	0.14	25090	1975.6	19705
5	1	20	0.14	25910	3458.75	1730
