##############################################################################
# Class:   tofdMappingPar
# Context: tofdMappingContext
##############################################################################
[tofdMappingPar]
//----------------------------------------------------------------------------
tofdplane4Pmt1Par:  Int_t \
  18 18 18 18 18 18 18 18 19 19  \
  19 19 19 19 19 19 20 20 20 20  \
  20 20 20 20 21 21 21 21 21 21  \
  21 21 22 22 22 22 22 22 22 22  \
  23 23 23 23 
tofdplane4Pmt2Par:  Int_t \
  18 18 18 18 18 18 18 18 19 19  \
  19 19 19 19 19 19 20 20 20 20  \
  20 20 20 20 21 21 21 21 21 21  \
  21 21 22 22 22 22 22 22 22 22  \
  23 23 23 23 
tofdPlanesPar:  Int_t  4 
tofdplane1Pmt1Par:  Int_t \
  0 0 0 0 0 0 0 0 1 1  \
  1 1 1 1 1 1 2 2 2 2  \
  2 2 2 2 3 3 3 3 3 3  \
  3 3 4 4 4 4 4 4 4 4  \
  5 5 5 5 
tofdplane1Pmt2Par:  Int_t \
  0 0 0 0 0 0 0 0 1 1  \
  1 1 1 1 1 1 2 2 2 2  \
  2 2 2 2 3 3 3 3 3 3  \
  3 3 4 4 4 4 4 4 4 4  \
  5 5 5 5 
tofdplane2Pmt1Par:  Int_t \
  6 6 6 6 6 6 6 6 7 7  \
  7 7 7 7 7 7 8 8 8 8  \
  8 8 8 8 9 9 9 9 9 9  \
  9 9 10 10 10 10 10 10 10 10  \
  11 11 11 11 
tofdplane2Pmt2Par:  Int_t \
  6 6 6 6 6 6 6 6 7 7  \
  7 7 7 7 7 7 8 8 8 8  \
  8 8 8 8 9 9 9 9 9 9  \
  9 9 10 10 10 10 10 10 10 10  \
  11 11 11 11 
tofdplane3Pmt1Par:  Int_t \
  12 12 12 12 12 12 12 12 13 13  \
  13 13 13 13 13 13 14 14 14 14  \
  14 14 14 14 15 15 15 15 15 15  \
  15 15 16 16 16 16 16 16 16 16  \
  17 17 17 17 
tofdplane3Pmt2Par:  Int_t \
  12 12 12 12 12 12 12 12 13 13  \
  13 13 13 13 13 13 14 14 14 14  \
  14 14 14 14 15 15 15 15 15 15  \
  15 15 16 16 16 16 16 16 16 16  \
  17 17 17 17 
tofdPaddlesPar:  Int_t  44 
